AO-07
1 07530U 74089B   25275.95541456 -.00000017  00000-0  18426-3 0  9996
2 07530 101.9989 281.4660 0011905 262.2900 164.2880 12.53692074328289
AO-27
1 22825U 93061C   25275.67214900  .00000374  00000-0  15965-3 0  9991
2 22825  98.7248 337.7356 0009239 131.3762 228.8216 14.30838780670171
FO-29
1 24278U 96046B   25275.64861261  .00000052  00000-0  87380-4 0  9990
2 24278  98.5551 154.3018 0350692  44.5305 318.3455 13.53255731438331
ISS
1 25544U 98067A   25275.85403526  .00013541  00000-0  24800-3 0  9995
2 25544  51.6327 133.4364 0001036 189.8771 170.2197 15.49630613531869
SO-50
1 27607U 02058C   25275.89343148  .00004387  00000-0  54779-3 0  9995
2 27607  64.5534 204.4946 0067520 310.0132  49.5059 14.82017782226316
AO-73
1 39444U 13066AE  25275.85132761  .00018958  00000-0  13436-2 0  9994
2 39444  97.7945 238.3942 0040428   0.0943   0.0283 15.04170154640902
IO-86
1 40931U 15052B   25151.18580175  .00001241  00000-0  78118-4 0  9996
2 40931   6.0006  24.0987 0012733 338.8432  21.1169 14.78805930523159
AO-91
1 43017U 17073E   25275.90003222  .00016719  00000-0  81360-3 0  9997
2 43017  97.5069 143.7870 0168119 132.6840 228.8692 15.06792766426562
PO-101
1 43678U 18084H   25275.96970365  .00005281  00000-0  44198-3 0  9990
2 43678  98.1063  96.5872 0007697 257.9862 102.0497 14.98898214377668
QO-100
1 43700U 18090A   25275.78885297  .00000144  00000-0  00000-0 0  9996
2 43700   0.0163 227.6528 0001385 353.0105 100.9128  1.00267587 25095
JO-97
1 43803U 18099AX  25275.70087953  .00029391  00000-0  12192-2 0  9996
2 43803  97.4545 333.8697 0008494 102.3594 257.8595 15.23786471374281
RS-44
1 44909U 19096E   25275.71428575  .00000031  00000-0  79319-4 0  9998
2 44909  82.5226 150.8078 0218115  26.6152 334.5951 12.79744131269413
CSS
1 48274U 21035A   25275.84801768  .00042422  00000-0  49431-3 0  9997
2 48274  41.4641  87.6664 0002001 172.0090 188.0781 15.60883128252954
HO-113
1 50466U 21131B   25275.96578969  .00001587  00000-0  50780-3 0  9993
2 50466  98.5075   4.7450 0004971 140.1862 219.9692 14.40965712198061
MO-122
1 60209U 24125G   25275.53551321  .00047139  00000-0  11397-2 0  9994
2 60209  97.2650 126.1118 0018576  83.9616 276.3747 15.40822631 69629
AO-123
1 61781U 24199AY  25275.95275421  .00014926  00000-0  51277-3 0  9991
2 61781  97.3357 142.2421 0016313 142.4850 217.7533 15.30082697 94511
SO-124
1 62690U 25009CK  25275.73262742  .00132260  00000-0  32644-2 0  9998
2 62690  97.3991 356.7329 0001364  45.7531 314.3827 15.40001322 39791
TEVEL2-9
1 63237U 25052AD  25275.67088318  .00031889  00000-0  13934-2 0  9998
2 63237  97.4187 167.8133 0006941 351.3964   8.7152 15.22014945 30727
TEVEL2-7
1 63238U 25052AE  25275.67895486  .00031456  00000-0  13786-2 0  9996
2 63238  97.4193 167.8075 0007016 351.4493   8.6622 15.21914736 30729
TEVEL2-8
1 63239U 25052AF  25275.68329676  .00031211  00000-0  13691-2 0  9995
2 63239  97.4192 167.7995 0007024 352.0084   8.1039 15.21885783 30727
SO-125
1 63492U 25052BN  25275.67474892  .00084290  00000-0  28829-2 0  9990
2 63492  97.4135 168.9000 0008990 348.6860  11.4177 15.29888186 30808
TEVEL2-4
1 63213U 25052D   25275.67013121  .00034477  00000-0  14335-2 0  9994
2 63213  97.4149 168.1622 0001811 353.4334   6.6880 15.23705166 30752
TEVEL2-5
1 63214U 25052E   25275.67290839  .00033679  00000-0  14023-2 0  9995
2 63214  97.4156 168.1593 0001768 354.0174   6.1041 15.23660790 30755
TEVEL2-6
1 63215U 25052F   25275.67808861  .00034063  00000-0  14199-2 0  9998
2 63215  97.4150 168.1556 0001875 354.0437   6.0778 15.23621335 30758
TEVEL2-1
1 63217U 25052H   25275.70706574  .00033543  00000-0  14093-2 0  9997
2 63217  97.4126 168.0514 0002644   5.7907 354.3360 15.23354256 30754
TEVEL2-3
1 63218U 25052J   25275.64132828  .00034014  00000-0  14287-2 0  9995
2 63218  97.4129 167.9894 0002760   7.2595 352.8682 15.23360957 30740
TEVEL2-2
1 63219U 25052K   25275.64212808  .00033886  00000-0  14240-2 0  9998
2 63219  97.4127 167.9872 0002723   6.4223 353.7048 15.23346968 30745
NO-44
1 26931U 01043C   25275.90648609  .00000542  00000-0  23348-3 0  9996
2 26931  67.0511 189.6469 0007064 274.1799  85.8495 14.31796042253615
IO-117
1 53106U 22080B   25167.32760529 -.00000003  00000-0  00000-0 0  9996
2 53106  70.1560  65.9804 0008358  24.6429 335.4629  6.42557409 68669
SONATE-2
1 59112U 24043Q   25275.94579249  .00036126  00000-0  89542-3 0  9990
2 59112  97.5271  49.8536 0010582  63.8505 296.3828 15.40250728 88063
